image_width: 640
image_height: 480
camera_name: webcam
camera_matrix:
  rows: 3
  cols: 3
  data: [610.4353638301512, 0, 331.4364186048127, 0, 614.5954502848743, 279.5806763141538, 0, 0, 1]
distortion_model: plumb_bob
distortion_coefficients:
  rows: 1
  cols: 5
  data: [0.0819317782060171, -0.02182949057889107, 0.01251522848178438, -0.01135478603384413, 0]
rectification_matrix:
  rows: 3
  cols: 3
  data: [1, 0, 0, 0, 1, 0, 0, 0, 1]
projection_matrix:
  rows: 3
  cols: 4
  data: [631.5301513671875, 0, 325.3267037790647, 0, 0, 637.4992065429688, 284.0091936698645, 0, 0, 0, 1, 0]